#var1 var2 var3 var4 var5
257  238  197  308  690  0 1 0 0 0
293  162  165  297  110  0 1 0 0 0
255  138  139  308  79  0 1 0 0 0
223  173  214  261  70  0 1 0 0 0
315  181  200  370  100  0 1 0 0 0
188  143  150  381  56  0 1 0 0 0
204  148  130  403  90  0 1 0 0 0
253  147  111  318  95  0 1 0 0 0
205  157  151  368  87  0 1 0 0 0
189  145  153  206  54  0 1 0 0 0
237  184  162  313  99  0 1 0 0 0
184  172  77  208  55  0 1 0 0 0
209  140  106  276  71  0 1 0 0 0
126  166  113  171  48  0 1 0 0 0
254  185  55  178  42  0 1 0 0 0
144  157  150  334  86  0 1 0 0 0
212  185  198  298  163  0 1 0 0 0
208  214  159  308  123  0 1 0 0 0
221  181  132  361  107  0 1 0 0 0
184  197  141  305  110  0 1 0 0 0
125  213  44  168  48  0 1 0 0 0
266  142  179  298  96  0 1 0 0 0
182  191  100  172  58  0 1 0 0 0
243  189  124  160  33  0 1 0 0 0
237  171  166  297  101  0 1 0 0 0
209  133  114  234  79  0 1 0 0 0
215  245  141  220  68  0 1 0 0 0
188  181  168  313  117  0 1 0 0 0
213  175  188  285  76  0 1 0 0 0
209  176  168  392  137  0 1 0 0 0
261  175  81  196  39  0 1 0 0 0
277  155  85  186  57  0 1 0 0 0
197  150  188  353  92  0 1 0 0 0
279  231  189  161  58  0 1 0 0 0
250  154  235  331  111  0 1 0 0 0
316  243  170  203  69  0 1 0 0 0
175  191  185  198  65  0 1 0 0 0
195  130  147  314  82  0 1 0 0 0
229  165  196  403  71  0 1 0 0 0
233  164  149  320  107  0 1 0 0 0
175  150  133  269  77  0 1 0 0 0
167  159  78  221  46  0 1 0 0 0
207  219  120  174  60  0 1 0 0 0
174  154  127  245  66  0 1 0 0 0
163  187  69  219  27  0 1 0 0 0
141  128  75  215  63  0 1 0 0 0
152  138  65  247  60  0 1 0 0 0
332  147  164  178  88  0 1 0 0 0
217  166  169  283  115  0 1 0 0 0
235  127  161  329  106  0 1 0 0 0
177  150  90  259  78  0 1 0 0 0
281  177  218  275  69  0 1 0 0 0
160  264  76  117  24  0 1 0 0 0
205  173  183  333  77  0 1 0 0 0
168  143  121  257  74  0 1 0 0 0
282  172  39  144  29  0 1 0 0 0
190  134  181  192  84  0 1 0 0 0
202  158  202  201  61  0 1 0 0 0
185  142  162  271  76  0 1 0 0 0
183  132  180  236  112  0 1 0 0 0
189  156  155  209  64  0 1 0 0 0
126  316  494  169  72  0 1 0 0 0
210  331  92  146  84  0 1 0 0 0
188  182  187  291  80  0 1 0 0 0
172  144  162  270  59  0 1 0 0 0
149  142  146  307  56  0 1 0 0 0
291  154  288  242  73  0 1 0 0 0
170  282  115  166  60  0 1 0 0 0
327  251  50  212  47  0 1 0 0 0
200  228  185  301  94  0 1 0 0 0
232  153  175  249  77  0 1 0 0 0
267  321  232  265  87  0 1 0 0 0
161  974  121  175  24  0 1 0 0 0
195  189  212  252  122  0 1 0 0 0
357  218  239  347  151  0 1 0 0 0
258  174  288  337  155  0 1 0 0 0
302  206  286  250  131  0 1 0 0 0
217  269  187  391  83  0 1 0 0 0
205  941  128  253  22  0 1 0 0 0
140  529  422  100  118  0 1 0 0 0
141  297  45  269  27  0 1 0 0 0
142  788  498  380  21  0 1 0 0 0
166  975  443  735  55  0 1 0 0 0
248  526  146  787  50  0 1 0 0 0
69  344  38  295  200  0 1 0 0 0
119  158  110  199  37  0 1 0 0 0
96  236  80  187  22  0 1 0 0 0
244  139  134  291  70  0 1 0 0 0
221  162  268  348  107  0 1 0 0 0
311  218  296  365  106  0 1 0 0 0
279  257  383  271  116  0 1 0 0 0
212  157  220  348  84  0 1 0 0 0
333  179  139  347  120  0 1 0 0 0
238  140  148  271  80  0 1 0 0 0
315  174  122  186  63  0 1 0 0 0
200  199  229  352  107  0 1 0 0 0
358  155  227  314  75  0 1 0 0 0
293  153  143  393  99  0 1 0 0 0
173  351  222  357  113  0 1 0 0 0
153  731  437  175  125  0 1 0 0 0
191  178  169  206  34  0 1 0 0 0
301  259  170  350  133  0 1 0 0 0
294  223  261  318  147  0 1 0 0 0
226  145  162  313  114  0 1 0 0 0
229  23  42  155  117  1 0 0 0 0
301  24  78  166  106  1 0 0 0 0
382  24  62  337  144  1 0 0 0 0
248  24  91  289  125  1 0 0 0 0
217  24  75  296  140  1 0 0 0 0
265  24  66  319  76   1 0 0 0 0
283  24  81  344  165  1 0 0 0 0
225  24  84  390  124  1 0 0 0 0
224  24  102  188  143 1 0 0 0 0
237  24  77  169  132  1 0 0 0 0
248  24  20  156  69   1 0 0 0 0
266  24  83  975  109  1 0 0 0 0
213  24  52  974  79   1 0 0 0 0
163  24  40  292  87   1 0 0 0 0
261  24  74  592  166  1 0 0 0 0
269  22  89  5  136    1 0 0 0 0
171  24  57  973  83   1 0 0 0 0
201  24  51  284  142  1 0 0 0 0
275  24  20  974  260  1 0 0 0 0
277  697  20  88  123  1 0 0 0 0
190  482  49  679  102 1 0 0 0 0
330  461  54  284  129 1 0 0 0 0
370  431  98  346  135 1 0 0 0 0
285  464  67  264  136 1 0 0 0 0
307  173  120  111  232  1 0 0 0 0
294  328  81  152  130 1 0 0 0 0
208  80  24  324  84   1 0 0 0 0
191  83  42  190  72   1 0 0 0 0
248  59  32  135  27   1 0 0 0 0
188  50  20  91  21    1 0 0 0 0
270  123  85  297  93  1 0 0 0 0
162  52  30  119  39   1 0 0 0 0
276  134  95  134  106 1 0 0 0 0
203  82  58  151  80   1 0 0 0 0
180  127  56  160  98  1 0 0 0 0
187  70  36  70  80    1 0 0 0 0
239  144  73  205  101  1 0 0 0 0
190  44  26  123  32   1 0 0 0 0
204  23  41  170  108  1 0 0 0 0
248  24  70  251  127  1 0 0 0 0
228  24  72  140  90 1 0 0 0 0
275  23  68  205  137  1 0 0 0 0
302  24  69  232  128  1 0 0 0 0
217  24  38  123  94 1 0 0 0 0
271  23  63  240  137  1 0 0 0 0
228  24  45  241  81 1 0 0 0 0
250  24  73  173  92 1 0 0 0 0
221  24  42  160  120  1 0 0 0 0
489  23  258  95  214  1 0 0 0 0
252  171  35  4  45  1 0 0 0 0
171  34  30  974  58 1 0 0 0 0
211  22  41  23  29  1 0 0 0 0
179  58  27  974  49 1 0 0 0 0
225  23  40  271  120  1 0 0 0 0
254  44  50  242  119  1 0 0 0 0
253  45  74  358  153  1 0 0 0 0
337  24  76  281  170  1 0 0 0 0
242  23  74  315  141  1 0 0 0 0
219  23  36  151  122  1 0 0 0 0
264  23  51  340  135  1 0 0 0 0
247  23  49  258  132  1 0 0 0 0
197  24  42  318  83 1 0 0 0 0
214  24  32  229  58 1 0 0 0 0
232  24  50  253  163  1 0 0 0 0
254  24  68  271  157  1 0 0 0 0
192  23  39  149  55 1 0 0 0 0
176  24  47  193  40 1 0 0 0 0
265  23  63  249  124  1 0 0 0 0
275  23  76  241  140  1 0 0 0 0
186  23  30  185  83 1 0 0 0 0
239  24  52  974  165  1 0 0 0 0
212  24  50  974  107  1 0 0 0 0
251  23  88  546  117  1 0 0 0 0
173  23  37  231  101  1 0 0 0 0
249  24  64  261  92 1 0 0 0 0
247  23  76  209  182  1 0 0 0 0
217  24  45  244  91 1 0 0 0 0
222  24  50  272  109  1 0 0 0 0
197  23  20  98  115 1 0 0 0 0
376  24  84  239  131  1 0 0 0 0
319  24  97  328  171  1 0 0 0 0
328  24  65  224  142  1 0 0 0 0
255  24  53  212  154  1 0 0 0 0
255  24  164  262  103  1 0 0 0 0
335  24  140  98  144  1 0 0 0 0
278  22  92  146  89  1 0 0 0 0
215  24  57  974  163  1 0 0 0 0
296  24  21  94  40  1 0 0 0 0
360  24  489  108  266  1 0 0 0 0
462  144  230  115  28  1 0 0 0 0
303  60  127  128  28  1 0 0 0 0
252  31  333  128  26  1 0 0 0 0
420  375  791  101  256  1 0 0 0 0
683  364  205  125  70  1 0 0 0 0
977  920  721  113  23  1 0 0 0 0
220  264  631  201  58  1 0 0 0 0
249  58  252  121  23  1 0 0 0 0
187  116  194  208  86  1 0 0 0 0
369  203  58  256  71  1 0 0 0 0
407  202  48  286  83  1 0 0 0 0
270  233  176  117  57  1 0 0 0 0
238  208  312  109  38  1 0 0 0 0
258  96  75  273  91  1 0 0 0 0
186  160  71  108  56    1 0 0 0 0
232  533  390  763  104  1 0 0 0 0
678  87  205  975  69  1 0 0 0 0
268  47  153  974  28  1 0 0 0 0
293  104  21  655  304  1 0 0 0 0
64  131  207  288  30  0  0  1  0  0
61  161  357  330  43  0  0  1  0  0
62  172  397  351  39  0  0  1  0  0
63  133  368  276  39  0  0  1  0  0
65  151  367  284  45  0  0  1  0  0
62  208  421  353  54  0  0  1  0  0
65  157  452  295  37  0  0  1  0  0
63  200  470  324  45  0  0  1  0  0
68  239  479  395  54  0  0  1  0  0
61  150  192  287  34  0  0  1  0  0
66  207  441  335  49  0  0  1  0  0
61  166  268  308  35  0  0  1  0  0
64  151  314  327  38  0  0  1  0  0
63  204  491  341  55  0  0  1  0  0
64  202  547  371  48  0  0  1  0  0
66  195  449  347  36  0  0  1  0  0
62  144  343  342  47  0  0  1  0  0
61  163  293  275  45  0  0  1  0  0
64  169  336  331  42  0  0  1  0  0
64  242  576  444  47  0  0  1  0  0
61  169  344  329  42  0  0  1  0  0
61  167  477  389  42  0  0  1  0  0
61  173  393  358  50  0  0  1  0  0
61  128  278  332  44  0  0  1  0  0
63  135  313  318  35  0  0  1  0  0
63  139  314  316  39  0  0  1  0  0
63  108  217  304  36  0  0  1  0  0
60  328  842  355  62  0  0  1  0  0
60  193  468  384  35  0  0  1  0  0
65  117  178  275  30  0  0  1  0  0
61  103  205  286  33  0  0  1  0  0
61  103  223  261  32  0  0  1  0  0
63  136  342  312  39  0  0  1  0  0
64  144  352  328  44  0  0  1  0  0
62  173  413  332  36  0  0  1  0  0
62  176  384  361  38  0  0  1  0  0
59  196  474  365  37  0  0  1  0  0
64  223  435  371  54  0  0  1  0  0
66  149  974  180  26  0  0  1  0  0
64  76  139  221  24  0  0  1  0  0
63  91  171  262  26  0  0  1  0  0
63  150  336  330  30  0  0  1  0  0
62  256  436  403  71  0  0  1  0  0
61  148  313  284  32  0  0  1  0  0
62  144  472  349  36  0  0  1  0  0
61  128  300  289  32  0  0  1  0  0
62  109  238  303  32  0  0  1  0  0
62  157  270  268  27  0  0  1  0  0
62  118  272  292  37  0  0  1  0  0
63  183  474  409  37  0  0  1  0  0
63  162  356  320  52  0  0  1  0  0
65  147  331  347  44  0  0  1  0  0
64  168  392  339  48  0  0  1  0  0
65  166  363  337  46  0  0  1  0  0
62  154  348  348  53  0  0  1  0  0
60  182  391  409  49  0  0  1  0  0
60  162  421  325  42  0  0  1  0  0
61  112  300  308  41  0  0  1  0  0
60  190  432  359  34  0  0  1  0  0
63  240  541  411  41  0  0  1  0  0
64  174  392  354  39  0  0  1  0  0
62  149  369  309  37  0  0  1  0  0
64  162  333  316  43  0  0  1  0  0
62  195  491  352  45  0  0  1  0  0
66  193  484  340  85  0  0  1  0  0
68  210  583  425  49  0  0  1  0  0
58  151  273  318  27  0  0  1  0  0
58  148  301  320  29  0  0  1  0  0
66  258  593  445  54  0  0  1  0  0
57  554  994  439  71  0  0  1  0  0
66  189  620  363  55  0  0  1  0  0
62  188  392  340  39  0  0  1  0  0
57  548  995  345  40  0  0  1  0  0
70  162  463  356  39  0  0  1  0  0
62  136  394  319  32  0  0  1  0  0
63  118  255  263  32  0  0  1  0  0
62  131  362  305  39  0  0  1  0  0
62  211  387  356  36  0  0  1  0  0
63  157  331  316  32  0  0  1  0  0
62  201  483  442  39  0  0  1  0  0
66  155  328  337  37  0  0  1  0  0
61  173  377  376  41  0  0  1  0  0
64  128  351  308  43  0  0  1  0  0
63  170  438  348  43  0  0  1  0  0
63  182  439  374  48  0  0  1  0  0
64  173  370  330  38  0  0  1  0  0
62  229  612  413  52  0  0  1  0  0
62  122  331  312  42  0  0  1  0  0
62  183  392  342  49  0  0  1  0  0
63  124  224  287  37  0  0  1  0  0
62  165  387  354  31  0  0  1  0  0
62  227  488  400  34  0  0  1  0  0
62  173  390  355  39  0  0  1  0  0
64  176  416  342  38  0  0  1  0  0
63  209  483  392  36  0  0  1  0  0
79  165  974  214  39  0  0  1  0  0
67  188  463  426  37  0  0  1  0  0
60  173  427  391  49  0  0  1  0  0
59  184  312  357  35  0  0  1  0  0
63  188  418  331  34  0  0  1  0  0
63  186  391  324  47  0  0  1  0  0
61  254  563  415  44  0  0  1  0  0
62  192  404  342  43  0  0  1  0  0
63  151  392  342  40  0  0  1  0  0
64  189  332  323  41  0  0  1  0  0
62  178  342  342  37  0  0  1  0  0
62  158  295  312  35  0  0  1  0  0
61  151  210  321  29  0  0  1  0  0
61  171  197  299  35  0  0  1  0  0
65  157  288  291  41  0  0  1  0  0
64  196  417  331  35  0  0  1  0  0
65  169  304  343  37  0  0  1  0  0
63  138  183  262  32  0  0  1  0  0
63  158  221  269  35  0  0  1  0  0
61  128  160  265  29  0  0  1  0  0
63  153  392  318  33  0  0  1  0  0
64  100  228  254  39  0  0  1  0  0
63  116  218  270  35  0  0  1  0  0
62  111  147  271  31  0  0  1  0  0
61  129  243  299  29  0  0  1  0  0
64  167  350  336  31  0  0  1  0  0
63  194  354  336  38  0  0  1  0  0
74  151  973  182  23  0  0  1  0  0
62  208  444  358  57  0  0  1  0  0
61  162  232  312  49  0  0  1  0  0
64  145  311  305  36  0  0  1  0  0
64  183  436  324  33  0  0  1  0  0
60  159  419  305  31  0  0  1  0  0
80  74  973  198  31  0  0  1  0  0
63  180  261  300  36  0  0  1  0  0
61  183  250  286  34  0  0  1  0  0
65  155  248  276  36  0  0  1  0  0
61  119  267  277  26  0  0  1  0  0
63  148  895  293  53  0  0  1  0  0
63  214  467  379  37  0  0  1  0  0
60  135  294  283  27  0  0  1  0  0
62  165  371  332  32  0  0  1  0  0
62  223  435  339  28  0  0  1  0  0
64  180  424  373  33  0  0  1  0  0
62  166  368  301  35  0  0  1  0  0
64  153  314  320  41  0  0  1  0  0
63  149  390  377  45  0  0  1  0  0
65  240  609  406  43  0  0  1  0  0
65  185  399  319  41  0  0  1  0  0
64  163  388  305  44  0  0  1  0  0
67  400  998  309  50  0  0  1  0  0
61  154  241  321  31  0  0  1  0  0
59  235  420  381  39  0  0  1  0  0
70  89  974  217  26  0  0  1  0  0
63  156  244  329  38  0  0  1  0  0
63  181  368  285  34  0  0  1  0  0
64  170  337  297  47  0  0  1  0  0
63  181  272  284  51  0  0  1  0  0
65  201  441  361  60  0  0  1  0  0
80  228  998  376  35  0  0  1  0  0
63  231  428  374  38  0  0  1  0  0
63  156  262  528  78  0  0  0  1  0
60  140  250  590  68  0  0  0  1  0
61  219  274  741  86  0  0  0  1  0
63  157  247  667  98  0  0  0  1  0
59  135  223  403  76  0  0  0  1  0
58  112  174  333  29  0  0  0  1  0
61  194  250  566  82  0  0  0  1  0
58  154  208  551  67  0  0  0  1  0
60  217  250  499  61  0  0  0  1  0
64  263  420  792  112  0  0  0  1  0
59  123  187  533  48  0  0  0  1  0
62  246  292  619  63  0  0  0  1  0
59  190  238  594  57  0  0  0  1  0
60  175  269  654  59  0  0  0  1  0
62  170  231  567  89  0  0  0  1  0
64  183  241  591  77  0  0  0  1  0
63  160  277  609  71  0  0  0  1  0
61  249  353  580  58  0  0  0  1  0
62  259  271  524  74  0  0  0  1  0
63  226  275  511  105  0  0  0  1  0
63  206  281  717  96  0  0  0  1  0
62  151  228  541  66  0  0  0  1  0
63  132  162  538  67  0  0  0  1  0
66  240  311  595  73  0  0  0  1  0
61  190  245  552  73  0  0  0  1  0
59  240  278  520  55  0  0  0  1  0
62  218  274  676  84  0  0  0  1  0
62  232  283  531  91  0  0  0  1  0
61  196  276  512  63  0  0  0  1  0
64  187  277  584  76  0  0  0  1  0
63  188  210  474  106  0  0  0  1  0
63  152  165  472  52  0  0  0  1  0
63  161  227  544  83  0  0  0  1  0
65  154  182  544  84  0  0  0  1  0
64  186  210  551  64  0  0  0  1  0
65  145  197  444  48  0  0  0  1  0
64  180  219  507  71  0  0  0  1  0
63  156  218  601  70  0  0  0  1  0
63  226  302  632  80  0  0  0  1  0
65  234  288  642  86  0  0  0  1  0
64  196  237  760  77  0  0  0  1  0
61  225  171  635  67  0  0  0  1  0
64  170  219  494  61  0  0  0  1  0
69  185  194  525  80  0  0  0  1  0
61  167  186  537  78  0  0  0  1  0
63  210  200  428  82  0  0  0  1  0
63  231  275  702  97  0  0  0  1  0
62  192  247  647  93  0  0  0  1  0
65  224  271  717  76  0  0  0  1  0
65  230  355  688  93  0  0  0  1  0
61  175  238  553  76  0  0  0  1  0
63  191  245  726  76  0  0  0  1  0
60  170  257  602  56  0  0  0  1  0
61  274  378  813  107  0  0  0  1  0
61  208  255  544  63  0  0  0  1  0
65  152  220  506  92  0  0  0  1  0
66  149  141  356  82  0  0  0  1  0
63  139  127  460  98  0  0  0  1  0
59  165  197  479  75  0  0  0  1  0
63  213  211  567  87  0  0  0  1  0
62  143  160  390  78  0  0  0  1  0
61  145  200  510  94  0  0  0  1  0
58  234  297  715  97  0  0  0  1  0
61  118  167  488  72  0  0  0  1  0
60  202  193  535  93  0  0  0  1  0
59  191  191  518  97  0  0  0  1  0
64  126  216  565  72  0  0  0  1  0
65  237  240  647  110  0  0  0  1  0
58  138  118  388  71  0  0  0  1  0
60  156  163  350  89  0  0  0  1  0
61  155  146  473  73  0  0  0  1  0
63  203  200  600  94  0  0  0  1  0
59  265  335  704  68  0  0  0  1  0
65  198  245  590  118  0  0  0  1  0
63  158  193  474  133  0  0  0  1  0
63  130  131  372  79  0  0  0  1  0
62  263  399  718  113  0  0  0  1  0
62  249  313  569  68  0  0  0  1  0
64  205  237  658  101  0  0  0  1  0
61  180  203  584  71  0  0  0  1  0
63  176  215  597  76  0  0  0  1  0
61  224  311  727  86  0  0  0  1  0
65  232  287  824  87  0  0  0  1  0
61  198  204  631  69  0  0  0  1  0
61  264  247  913  130  0  0  0  1  0
62  211  270  645  100  0  0  0  1  0
60  199  310  591  76  0  0  0  1  0
63  195  246  421  58  0  0  0  1  0
62  299  345  655  81  0  0  0  1  0
59  149  160  449  95  0  0  0  1  0
64  105  118  389  73  0  0  0  1  0
62  227  295  516  58  0  0  0  1  0
57  288  409  725  119  0  0  0  1  0
64  192  261  560  100  0  0  0  1  0
58  157  143  456  46  0  0  0  1  0
62  244  324  758  75  0  0  0  1  0
64  163  144  407  77  0  0  0  1  0
59  168  158  350  74  0  0  0  1  0
63  192  212  551  63  0  0  0  1  0
58  236  304  659  90  0  0  0  1  0
57  214  218  601  93  0  0  0  1  0
58  207  183  495  59  0  0  0  1  0
59  172  117  453  32  0  0  0  1  0
59  182  160  330  28  0  0  0  1  0
63  235  256  515  38  0  0  0  1  0
62  192  261  635  79  0  0  0  1  0
62  226  196  562  91  0  0  0  1  0
64  169  197  537  60  0  0  0  1  0
63  213  244  556  57  0  0  0  1  0
57  252  190  383  69  0  0  0  1  0
57  200  226  359  48  0  0  0  1  0
59  239  372  708  90  0  0  0  1  0
60  320  376  653  92  0  0  0  1  0
59  253  262  698  102  0  0  0  1  0
54  266  189  475  84  0  0  0  1  0
60  244  290  435  49  0  0  0  1  0
52  316  262  564  73  0  0  0  1  0
57  268  243  571  74  0  0  0  1  0
62  199  220  364  45  0  0  0  1  0
65  227  245  527  99  0  0  0  1  0
64  216  337  626  71  0  0  0  1  0
62  335  344  768  85  0  0  0  1  0
64  138  138  449  59  0  0  0  1  0
65  155  177  526  94  0  0  0  1  0
63  153  143  364  69  0  0  0  1  0
63  195  190  561  109  0  0  0  1  0
62  268  309  718  109  0  0  0  1  0
61  355  468  866  127  0  0  0  1  0
59  291  297  423  45  0  0  0  1  0
58  237  262  408  58  0  0  0  1  0
58  289  311  627  62  0  0  0  1  0
62  281  306  632  63  0  0  0  1  0
62  299  412  789  58  0  0  0  1  0
58  262  258  312  34  0  0  0  1  0
55  150  169  416  42  0  0  0  1  0
60  221  229  495  87  0  0  0  1  0
61  211  226  511  61  0  0  0  1  0
61  218  351  773  87  0  0  0  1  0
62  265  362  648  111  0  0  0  1  0
63  274  278  653  83  0  0  0  1  0
61  274  260  594  84  0  0  0  1  0
64  178  165  462  70  0  0  0  1  0
63  173  195  433  51  0  0  0  1  0
61  337  346  568  81  0  0  0  1  0
62  215  247  637  81  0  0  0  1  0
60  227  183  555  74  0  0  0  1  0
60  184  219  517  57  0  0  0  1  0
65  285  294  768  85  0  0  0  1  0
64  239  215  621  106  0  0  0  1  0
57  232  207  485  67  0  0  0  1  0
57  241  343  614  79  0  0  0  1  0
67  191  237  690  122  0  0  0  1  0
66  184  199  650  97  0  0  0  1  0
58  259  248  714  106  0  0  0  1  0
61  384  324  704  169  0  0  0  1  0
61  267  301  774  100  0  0  0  1  0
72  196  94  320  880  0  0  0  0  1
73  192  135  338  823  0  0  0  0  1
70  137  100  305  593  0  0  0  0  1
69  180  116  292  652  0  0  0  0  1
74  124  76  273  731  0  0  0  0  1
69  106  45  204  496  0  0  0  0  1
68  87  31  162  389  0  0  0  0  1
69  80  42  174  409  0  0  0  0  1
65  119  50  222  665  0  0  0  0  1
71  94  47  215  504  0  0  0  0  1
74  129  74  251  645  0  0  0  0  1
67  117  50  223  649  0  0  0  0  1
67  147  84  256  620  0  0  0  0  1
64  107  55  208  560  0  0  0  0  1
64  93  33  190  515  0  0  0  0  1
69  123  67  273  741  0  0  0  0  1
61  144  64  257  718  0  0  0  0  1
63  68  30  176  336  0  0  0  0  1
61  167  52  230  726  0  0  0  0  1
61  156  66  274  803  0  0  0  0  1
65  96  29  179  445  0  0  0  0  1
65  76  31  172  380  0  0  0  0  1
66  90  50  191  496  0  0  0  0  1
68  114  47  194  559  0  0  0  0  1
63  160  56  246  857  0  0  0  0  1
64  90  27  190  421  0  0  0  0  1
63  124  34  201  483  0  0  0  0  1
63  157  39  195  429  0  0  0  0  1
63  159  76  224  500  0  0  0  0  1
70  82  39  171  461  0  0  0  0  1
68  163  54  167  344  0  0  0  0  1
66  129  42  206  492  0  0  0  0  1
62  189  95  294  665  0  0  0  0  1
57  77  23  142  170  0  0  0  0  1
65  221  108  331  746  0  0  0  0  1
70  165  58  253  528  0  0  0  0  1
65  103  42  226  529  0  0  0  0  1
75  92  50  179  396  0  0  0  0  1
66  164  75  297  692  0  0  0  0  1
66  56  26  147  347  0  0  0  0  1
69  146  41  202  512  0  0  0  0  1
63  147  105  252  402  0  0  0  0  1
68  107  71  191  367  0  0  0  0  1
67  88  50  174  381  0  0  0  0  1
63  113  50  302  711  0  0  0  0  1
67  174  50  247  652  0  0  0  0  1
68  100  37  200  475  0  0  0  0  1
67  101  38  192  513  0  0  0  0  1
68  167  86  239  420  0  0  0  0  1
67  188  82  247  410  0  0  0  0  1
71  90  58  161  345  0  0  0  0  1
71  148  87  219  387  0  0  0  0  1
67  180  110  260  419  0  0  0  0  1
64  138  61  197  323  0  0  0  0  1
75  217  164  365  393  0  0  0  0  1
66  153  74  256  435  0  0  0  0  1
69  106  62  208  460  0  0  0  0  1
71  112  106  217  367  0  0  0  0  1
69  151  95  186  377  0  0  0  0  1
70  147  90  261  574  0  0  0  0  1
66  195  92  320  435  0  0  0  0  1
68  133  75  211  327  0  0  0  0  1
78  159  139  246  300  0  0  0  0  1
60  151  69  225  287  0  0  0  0  1
61  228  228  403  375  0  0  0  0  1
68  186  108  312  382  0  0  0  0  1
68  256  132  379  355  0  0  0  0  1
68  251  131  288  327  0  0  0  0  1
88  64  85  157  247  0  0  0  0  1
68  156  109  267  291  0  0  0  0  1
70  125  85  183  304  0  0  0  0  1
75  177  125  262  341  0  0  0  0  1
66  133  67  175  316  0  0  0  0  1
79  211  169  388  513  0  0  0  0  1
66  217  97  291  550  0  0  0  0  1
53  281  172  346  349  0  0  0  0  1
58  238  122  388  407  0  0  0  0  1
66  323  234  454  715  0  0  0  0  1
53  186  227  398  280  0  0  0  0  1
76  254  199  410  500  0  0  0  0  1
73  251  850  314  348  0  0  0  0  1
64  99  93  171  240  0  0  0  0  1
66  308  112  454  599  0  0  0  0  1
65  243  129  355  364  0  0  0  0  1
64  245  104  220  327  0  0  0  0  1
65  147  82  239  290  0  0  0  0  1
66  135  79  211  288  0  0  0  0  1
61  271  164  444  442  0  0  0  0  1
64  255  155  414  405  0  0  0  0  1
65  240  121  332  401  0  0  0  0  1
66  174  95  270  398  0  0  0  0  1
60  212  67  248  274  0  0  0  0  1
61  172  77  284  348  0  0  0  0  1
59  321  91  367  588  0  0  0  0  1
66  241  125  345  409  0  0  0  0  1
68  158  106  251  356  0  0  0  0  1
61  211  91  246  446  0  0  0  0  1
61  85  23  160  219  0  0  0  0  1
69  185  87  266  462  0  0  0  0  1
69  80  58  184  357  0  0  0  0  1
66  261  83  288  529  0  0  0  0  1
65  232  76  316  733  0  0  0  0  1
60  383  160  400  693  0  0  0  0  1
62  223  79  295  397  0  0  0  0  1
69  280  201  492  467  0  0  0  0  1
63  310  95  356  554  0  0  0  0  1
59  128  31  160  194  0  0  0  0  1
72  290  147  338  579  0  0  0  0  1
68  170  65  249  520  0  0  0  0  1
65  146  108  312  448  0  0  0  0  1
71  76  45  190  320  0  0  0  0  1
69  215  108  329  430  0  0  0  0  1
58  192  48  170  246  0  0  0  0  1
62  147  33  177  218  0  0  0  0  1
62  286  201  51  610  0  0  0  0  1
60  228  75  50  365  0  0  0  0  1
62  240  160  50  311  0  0  0  0  1
66  108  80  50  240  0  0  0  0  1
66  275  133  50  359  0  0  0  0  1
59  248  89  50  401  0  0  0  0  1
62  207  66  50  438  0  0  0  0  1
59  274  149  50  354  0  0  0  0  1
62  188  73  50  271  0  0  0  0  1
65  364  171  50  562  0  0  0  0  1
68  239  102  50  564  0  0  0  0  1
69  308  147  50  534  0  0  0  0  1
64  211  83  50  498  0  0  0  0  1
74  247  160  50  758  0  0  0  0  1
65  235  83  50  473  0  0  0  0  1
57  157  62  50  530  0  0  0  0  1
66  258  130  50  551  0  0  0  0  1
58  137  36  49  328  0  0  0  0  1
60  288  94  50  459  0  0  0  0  1
61  228  62  49  322  0  0  0  0  1
63  244  76  49  541  0  0  0  0  1
58  96  29  50  148  0  0  0  0  1
61  341  173  50  453  0  0  0  0  1
65  223  80  50  321  0  0  0  0  1
62  204  91  50  349  0  0  0  0  1
68  167  74  50  304  0  0  0  0  1
60  279  87  50  489  0  0  0  0  1
60  213  96  49  431  0  0  0  0  1
976  974  489  48  261  0  0  0  0  1
63  268  125  49  494  0  0  0  0  1
62  259  145  49  450  0  0  0  0  1
62  286  136  49  587  0  0  0  0  1
74  276  120  49  564  0  0  0  0  1
57  251  89  49  489  0  0  0  0  1
63  249  104  49  607  0  0  0  0  1
64  127  64  49  335  0  0  0  0  1
66  154  96  49  321  0  0  0  0  1
61  213  78  49  374  0  0  0  0  1
63  325  92  49  777  0  0  0  0  1
60  363  217  49  629  0  0  0  0  1
