257  238  197  308  690  0 1 0 0 0
293  162  165  297  110  0 1 0 0 0
255  138  139  308  79  0 1 0 0 0
223  173  214  261  70  0 1 0 0 0
315  181  200  370  100  0 1 0 0 0
188  143  150  381  56  0 1 0 0 0
204  148  130  403  90  0 1 0 0 0
253  147  111  318  95  0 1 0 0 0
205  157  151  368  87  0 1 0 0 0
189  145  153  206  54  0 1 0 0 0
237  184  162  313  99  0 1 0 0 0
184  172  77  208  55  0 1 0 0 0
209  140  106  276  71  0 1 0 0 0
126  166  113  171  48  0 1 0 0 0
254  185  55  178  42  0 1 0 0 0
144  157  150  334  86  0 1 0 0 0
212  185  198  298  163  0 1 0 0 0
208  214  159  308  123  0 1 0 0 0
221  181  132  361  107  0 1 0 0 0
184  197  141  305  110  0 1 0 0 0
125  213  44  168  48  0 1 0 0 0
266  142  179  298  96  0 1 0 0 0
182  191  100  172  58  0 1 0 0 0
243  189  124  160  33  0 1 0 0 0
237  171  166  297  101  0 1 0 0 0
209  133  114  234  79  0 1 0 0 0
215  245  141  220  68  0 1 0 0 0
188  181  168  313  117  0 1 0 0 0
213  175  188  285  76  0 1 0 0 0
209  176  168  392  137  0 1 0 0 0
261  175  81  196  39  0 1 0 0 0
277  155  85  186  57  0 1 0 0 0
197  150  188  353  92  0 1 0 0 0
279  231  189  161  58  0 1 0 0 0
250  154  235  331  111  0 1 0 0 0
316  243  170  203  69  0 1 0 0 0
175  191  185  198  65  0 1 0 0 0
195  130  147  314  82  0 1 0 0 0
229  165  196  403  71  0 1 0 0 0
233  164  149  320  107  0 1 0 0 0
175  150  133  269  77  0 1 0 0 0
167  159  78  221  46  0 1 0 0 0
207  219  120  174  60  0 1 0 0 0
174  154  127  245  66  0 1 0 0 0
163  187  69  219  27  0 1 0 0 0
141  128  75  215  63  0 1 0 0 0
152  138  65  247  60  0 1 0 0 0
332  147  164  178  88  0 1 0 0 0
217  166  169  283  115  0 1 0 0 0
235  127  161  329  106  0 1 0 0 0
177  150  90  259  78  0 1 0 0 0
281  177  218  275  69  0 1 0 0 0
160  264  76  117  24  0 1 0 0 0
205  173  183  333  77  0 1 0 0 0
168  143  121  257  74  0 1 0 0 0
282  172  39  144  29  0 1 0 0 0
190  134  181  192  84  0 1 0 0 0
202  158  202  201  61  0 1 0 0 0
185  142  162  271  76  0 1 0 0 0
183  132  180  236  112  0 1 0 0 0
189  156  155  209  64  0 1 0 0 0
126  316  494  169  72  0 1 0 0 0
210  331  92  146  84  0 1 0 0 0
188  182  187  291  80  0 1 0 0 0
172  144  162  270  59  0 1 0 0 0
149  142  146  307  56  0 1 0 0 0
291  154  288  242  73  0 1 0 0 0
170  282  115  166  60  0 1 0 0 0
327  251  50  212  47  0 1 0 0 0
200  228  185  301  94  0 1 0 0 0
232  153  175  249  77  0 1 0 0 0
267  321  232  265  87  0 1 0 0 0
161  974  121  175  24  0 1 0 0 0
195  189  212  252  122  0 1 0 0 0
357  218  239  347  151  0 1 0 0 0
258  174  288  337  155  0 1 0 0 0
302  206  286  250  131  0 1 0 0 0
217  269  187  391  83  0 1 0 0 0
205  941  128  253  22  0 1 0 0 0
140  529  422  100  118  0 1 0 0 0
141  297  45  269  27  0 1 0 0 0
142  788  498  380  21  0 1 0 0 0
166  975  443  735  55  0 1 0 0 0
248  526  146  787  50  0 1 0 0 0
69  344  38  295  200  0 1 0 0 0
119  158  110  199  37  0 1 0 0 0
96  236  80  187  22  0 1 0 0 0
244  139  134  291  70  0 1 0 0 0
221  162  268  348  107  0 1 0 0 0
311  218  296  365  106  0 1 0 0 0
279  257  383  271  116  0 1 0 0 0
212  157  220  348  84  0 1 0 0 0
333  179  139  347  120  0 1 0 0 0
238  140  148  271  80  0 1 0 0 0
315  174  122  186  63  0 1 0 0 0
200  199  229  352  107  0 1 0 0 0
358  155  227  314  75  0 1 0 0 0
293  153  143  393  99  0 1 0 0 0
173  351  222  357  113  0 1 0 0 0
153  731  437  175  125  0 1 0 0 0
191  178  169  206  34  0 1 0 0 0
301  259  170  350  133  0 1 0 0 0
294  223  261  318  147  0 1 0 0 0
226  145  162  313  114  0 1 0 0 0
