64  131  207  288  30  0  0  1  0  0
61  161  357  330  43  0  0  1  0  0
62  172  397  351  39  0  0  1  0  0
63  133  368  276  39  0  0  1  0  0
65  151  367  284  45  0  0  1  0  0
62  208  421  353  54  0  0  1  0  0
65  157  452  295  37  0  0  1  0  0
63  200  470  324  45  0  0  1  0  0
68  239  479  395  54  0  0  1  0  0
61  150  192  287  34  0  0  1  0  0
66  207  441  335  49  0  0  1  0  0
61  166  268  308  35  0  0  1  0  0
64  151  314  327  38  0  0  1  0  0
63  204  491  341  55  0  0  1  0  0
64  202  547  371  48  0  0  1  0  0
66  195  449  347  36  0  0  1  0  0
62  144  343  342  47  0  0  1  0  0
61  163  293  275  45  0  0  1  0  0
64  169  336  331  42  0  0  1  0  0
64  242  576  444  47  0  0  1  0  0
61  169  344  329  42  0  0  1  0  0
61  167  477  389  42  0  0  1  0  0
61  173  393  358  50  0  0  1  0  0
61  128  278  332  44  0  0  1  0  0
63  135  313  318  35  0  0  1  0  0
63  139  314  316  39  0  0  1  0  0
63  108  217  304  36  0  0  1  0  0
60  328  842  355  62  0  0  1  0  0
60  193  468  384  35  0  0  1  0  0
65  117  178  275  30  0  0  1  0  0
61  103  205  286  33  0  0  1  0  0
61  103  223  261  32  0  0  1  0  0
63  136  342  312  39  0  0  1  0  0
64  144  352  328  44  0  0  1  0  0
62  173  413  332  36  0  0  1  0  0
62  176  384  361  38  0  0  1  0  0
59  196  474  365  37  0  0  1  0  0
64  223  435  371  54  0  0  1  0  0
66  149  974  180  26  0  0  1  0  0
64  76  139  221  24  0  0  1  0  0
63  91  171  262  26  0  0  1  0  0
63  150  336  330  30  0  0  1  0  0
62  256  436  403  71  0  0  1  0  0
61  148  313  284  32  0  0  1  0  0
62  144  472  349  36  0  0  1  0  0
61  128  300  289  32  0  0  1  0  0
62  109  238  303  32  0  0  1  0  0
62  157  270  268  27  0  0  1  0  0
62  118  272  292  37  0  0  1  0  0
63  183  474  409  37  0  0  1  0  0
63  162  356  320  52  0  0  1  0  0
65  147  331  347  44  0  0  1  0  0
64  168  392  339  48  0  0  1  0  0
65  166  363  337  46  0  0  1  0  0
62  154  348  348  53  0  0  1  0  0
60  182  391  409  49  0  0  1  0  0
60  162  421  325  42  0  0  1  0  0
61  112  300  308  41  0  0  1  0  0
60  190  432  359  34  0  0  1  0  0
63  240  541  411  41  0  0  1  0  0
64  174  392  354  39  0  0  1  0  0
62  149  369  309  37  0  0  1  0  0
64  162  333  316  43  0  0  1  0  0
62  195  491  352  45  0  0  1  0  0
66  193  484  340  85  0  0  1  0  0
68  210  583  425  49  0  0  1  0  0
58  151  273  318  27  0  0  1  0  0
58  148  301  320  29  0  0  1  0  0
66  258  593  445  54  0  0  1  0  0
57  554  994  439  71  0  0  1  0  0
66  189  620  363  55  0  0  1  0  0
62  188  392  340  39  0  0  1  0  0
57  548  995  345  40  0  0  1  0  0
70  162  463  356  39  0  0  1  0  0
62  136  394  319  32  0  0  1  0  0
63  118  255  263  32  0  0  1  0  0
62  131  362  305  39  0  0  1  0  0
62  211  387  356  36  0  0  1  0  0
63  157  331  316  32  0  0  1  0  0
62  201  483  442  39  0  0  1  0  0
66  155  328  337  37  0  0  1  0  0
61  173  377  376  41  0  0  1  0  0
64  128  351  308  43  0  0  1  0  0
63  170  438  348  43  0  0  1  0  0
63  182  439  374  48  0  0  1  0  0
64  173  370  330  38  0  0  1  0  0
62  229  612  413  52  0  0  1  0  0
62  122  331  312  42  0  0  1  0  0
62  183  392  342  49  0  0  1  0  0
63  124  224  287  37  0  0  1  0  0
62  165  387  354  31  0  0  1  0  0
62  227  488  400  34  0  0  1  0  0
62  173  390  355  39  0  0  1  0  0
64  176  416  342  38  0  0  1  0  0
63  209  483  392  36  0  0  1  0  0
79  165  974  214  39  0  0  1  0  0
67  188  463  426  37  0  0  1  0  0
60  173  427  391  49  0  0  1  0  0
59  184  312  357  35  0  0  1  0  0
63  188  418  331  34  0  0  1  0  0
63  186  391  324  47  0  0  1  0  0
61  254  563  415  44  0  0  1  0  0
62  192  404  342  43  0  0  1  0  0
63  151  392  342  40  0  0  1  0  0
64  189  332  323  41  0  0  1  0  0
62  178  342  342  37  0  0  1  0  0
62  158  295  312  35  0  0  1  0  0
61  151  210  321  29  0  0  1  0  0
61  171  197  299  35  0  0  1  0  0
65  157  288  291  41  0  0  1  0  0
64  196  417  331  35  0  0  1  0  0
65  169  304  343  37  0  0  1  0  0
63  138  183  262  32  0  0  1  0  0
63  158  221  269  35  0  0  1  0  0
61  128  160  265  29  0  0  1  0  0
63  153  392  318  33  0  0  1  0  0
64  100  228  254  39  0  0  1  0  0
63  116  218  270  35  0  0  1  0  0
62  111  147  271  31  0  0  1  0  0
61  129  243  299  29  0  0  1  0  0
64  167  350  336  31  0  0  1  0  0
63  194  354  336  38  0  0  1  0  0
74  151  973  182  23  0  0  1  0  0
62  208  444  358  57  0  0  1  0  0
61  162  232  312  49  0  0  1  0  0
64  145  311  305  36  0  0  1  0  0
64  183  436  324  33  0  0  1  0  0
60  159  419  305  31  0  0  1  0  0
80  74  973  198  31  0  0  1  0  0
63  180  261  300  36  0  0  1  0  0
61  183  250  286  34  0  0  1  0  0
65  155  248  276  36  0  0  1  0  0
61  119  267  277  26  0  0  1  0  0
63  148  895  293  53  0  0  1  0  0
63  214  467  379  37  0  0  1  0  0
60  135  294  283  27  0  0  1  0  0
62  165  371  332  32  0  0  1  0  0
62  223  435  339  28  0  0  1  0  0
64  180  424  373  33  0  0  1  0  0
62  166  368  301  35  0  0  1  0  0
64  153  314  320  41  0  0  1  0  0
63  149  390  377  45  0  0  1  0  0
65  240  609  406  43  0  0  1  0  0
65  185  399  319  41  0  0  1  0  0
64  163  388  305  44  0  0  1  0  0
67  400  998  309  50  0  0  1  0  0
61  154  241  321  31  0  0  1  0  0
59  235  420  381  39  0  0  1  0  0
70  89  974  217  26  0  0  1  0  0
63  156  244  329  38  0  0  1  0  0
63  181  368  285  34  0  0  1  0  0
64  170  337  297  47  0  0  1  0  0
63  181  272  284  51  0  0  1  0  0
65  201  441  361  60  0  0  1  0  0
80  228  998  376  35  0  0  1  0  0
63  231  428  374  38  0  0  1  0  0
