244  159  222  13  59  0  0  1  0  0
308  214  501  8  90  0  0  1  0  0
329  217  496  7  72  0  0  1  0  0
302  220  485  6  78  0  0  1  0  0
332  159  393  5  48  0  0  1  0  0
318  231  217  5  48  0  0  1  0  0
321  209  602  8  73  0  0  1  0  0
262  222  480  6  67  0  0  1  0  0
310  197  424  6  80  0  0  1  0  0
238  167  330  6  37  0  0  1  0  0
306  212  333  7  51  0  0  1  0  0
374  188  268  5  73  0  0  1  0  0
274  153  573  8  63  0  0  1  0  0
316  245  425  7  62  0  0  1  0  0
248  104  174  5  47  0  0  1  0  0
182  31  848  8  57  0  0  1  0  0
234  199  334  6  69  0  0  1  0  0
294  157  430  7  59  0  0  1  0  0
309  223  576  50  52  0  0  1  0  0
500  99  186  5  61  0  0  1  0  0
259  187  439  6  51  0  0  1  0  0
224  220  583  8  82  0  0  1  0  0
307  200  407  6  71  0  0  1  0  0
283  180  552  7  66  0  0  1  0  0
242  121  315  7  64  0  0  1  0  0
309  187  469  6  65  0  0  1  0  0
342  189  474  7  66  0  0  1  0  0
221  199  270  5  149  0  0  1  0  0
295  238  655  7  75  0  0  1  0  0
328  190  572  7  54  0  0  1  0  0
368  362  846  8  90  0  0  1  0  0
274  183  465  6  91  0  0  1  0  0
336  170  447  7  80  0  0  1  0  0
227  137  212  6  33  0  0  1  0  0
142  85  447  7  25  0  0  1  0  0
413  56  946  9  22  0  0  1  0  0
272  257  442  975  86  0  0  1  0  0
197  155  381  6  51  0  0  1  0  0
307  140  436  147  39  0  0  1  0  0
393  305  518  9  110  0  0  1  0  0
259  206  470  156  65  0  0  1  0  0
288  127  307  110  54  0  0  1  0  0
290  153  431  148  88  0  0  1  0  0
432  168  435  6  68  0  0  1  0  0
310  135  276  6  80  0  0  1  0  0
138  103  214  6  29  0  0  1  0  0
298  179  473  7  70  0  0  1  0  0
249  215  506  7  85  0  0  1  0  0
303  141  327  115  69  0  0  1  0  0
257  131  312  8  56  0  0  1  0  0
323  292  768  7  115  0  0  1  0  0
217  142  737  8  58  0  0  1  0  0
120  28  159  6  21  0  0  1  0  0
332  199  556  196  98  0  0  1  0  0
166  139  288  6  54  0  0  1  0  0
287  231  505  7  56  0  0  1  0  0
180  136  205  5  45  0  0  1  0  0
263  133  382  6  53  0  0  1  0  0
329  233  485  7  109  0  0  1  0  0
263  173  411  6  62  0  0  1  0  0
252  104  270  7  23  0  0  1  0  0
340  241  455  8  44  0  0  1  0  0
337  127  427  8  64  0  0  1  0  0
304  247  176  7  42  0  0  1  0  0
289  225  693  8  74  0  0  1  0  0
206  174  524  7  64  0  0  1  0  0
193  348  155  6  29  0  0  1  0  0
105  31  144  6  21  0  0  1  0  0
287  162  300  6  79  0  0  1  0  0
285  238  726  8  91  0  0  1  0  0
227  160  339  118  53  0  0  1  0  0
55  118  197  6  22  0  0  1  0  0
403  266  432  7  29  0  0  1  0  0
270  754  173  6  246  0  0  1  0  0
277  327  316  112  155  0  0  1  0  0
113  61  400  7  37  0  0  1  0  0
298  264  513  405  78  0  0  1  0  0
235  392  330  9  88  0  0  1  0  0
289  252  454  5  77  0  0  1  0  0
112  103  145  352  24  0  0  1  0  0
222  361  322  5  103  0  0  1  0  0
236  191  219  975  38  0  0  1  0  0
286  269  469  6  55  0  0  1  0  0
316  324  536  233  91  0  0  1  0  0
255  224  509  12  71  0  0  1  0  0
245  177  425  140  74  0  0  1  0  0
338  291  575  6  89  0  0  1  0  0
135  247  278  113  35  0  0  1  0  0
299  254  546  6  77  0  0  1  0  0
163  268  367  123  71  0  0  1  0  0
480  688  539  324  80  0  0  1  0  0
452  238  614  361  101  0  0  1  0  0
422  212  366  160  80  0  0  1  0  0
250  295  707  288  44  0  0  1  0  0
134  832  221  6  186  0  0  1  0  0
288  394  356  160  157  0  0  1  0  0
245  406  197  5  30  0  0  1  0  0
269  175  561  4  79  0  0  1  0  0
393  241  652  7  122  0  0  1  0  0
223  111  128  55  23  0  0  1  0  0
206  291  367  130  56  0  0  1  0  0
246  192  630  4  87  0  0  1  0  0
298  210  609  225  64  0  0  1  0  0
228  223  293  167  45  0  0  1  0  0
306  207  549  203  103  0  0  1  0  0
199  199  307  113  76  0  0  1  0  0
167  436  275  123  61  0  0  1  0  0
128  220  250  210  63  0  0  1  0  0
186  158  303  229  50  0  0  1  0  0
309  218  633  357  91  0  0  1  0  0
256  264  619  347  93  0  0  1  0  0
160  147  194  198  41  0  0  1  0  0
246  187  304  245  71  0  0  1  0  0
301  209  474  298  92  0  0  1  0  0
292  226  473  303  78  0  0  1  0  0
203  187  309  241  67  0  0  1  0  0
193  200  155  135  53  0  0  1  0  0
331  305  696  381  119  0  0  1  0  0
176  162  235  218  62  0  0  1  0  0
178  172  340  246  63  0  0  1  0  0
290  164  467  303  93  0  0  1  0  0
143  85  147  182  42  0  0  1  0  0
205  149  242  227  56  0  0  1  0  0
236  146  307  7  75  0  0  1  0  0
284  175  605  339  64  0  0  1  0  0
257  196  482  423  93  0  0  1  0  0
349  307  722  400  143  0  0  1  0  0
255  177  412  253  85  0  0  1  0  0
295  258  290  209  81  0  0  1  0  0
343  283  463  201  134  0  0  1  0  0
427  344  789  426  144  0  0  1  0  0
293  221  474  312  87  0  0  1  0  0
243  130  309  240  76  0  0  1  0  0
272  184  436  285  42  0  0  1  0  0
225  61  317  250  22  0  0  1  0  0
163  104  289  229  48  0  0  1  0  0
349  278  591  350  120  0  0  1  0  0
466  220  430  296  142  0  0  1  0  0
295  319  281  147  88  0  0  1  0  0
95  31  181  170  22  0  0  1  0  0
329  224  533  324  61  0  0  1  0  0
272  123  333  255  76  0  0  1  0  0
312  188  189  218  41  0  0  1  0  0
299  248  551  307  115  0  0  1  0  0
253  281  216  206  57  0  0  1  0  0
290  224  459  312  125  0  0  1  0  0
244  172  438  279  69  0  0  1  0  0
345  264  683  20  97  0  0  1  0  0
131  601  876  410  117  0  0  1  0  0
283  270  403  231  70  0  0  1  0  0
311  238  439  248  92  0  0  1  0  0
311  221  289  235  93  0  0  1  0  0
