379  115  258  221  31 0 0 1 0 0
318  202  531  303  76 0 0 1 0 0
229  167  554  368  69 0 0 1 0 0
311  256  624  441  79 0 0 1 0 0
709  168  417  319  55 0 0 1 0 0
310  212  538  364  98 0 0 1 0 0
481  169  458  371  75 0 0 1 0 0
719  141  301  233  53 0 0 1 0 0
531  133  382  270  65 0 0 1 0 0
231  161  360  292  39 0 0 1 0 0
209  159  372  307  45 0 0 1 0 0
216  125  355  4  38 0 0 1 0 0
225  195  378  971  56 0 0 1 0 0
127  39  544  972  28 0 0 1 0 0
250  206  520  768  61 0 0 1 0 0
112  33  509  971  22 0 0 1 0 0
446  171  444  972  49 0 0 1 0 0
410  119  510  972  27 0 0 1 0 0
333  112  187  972  26 0 0 1 0 0
196  93  803  758  33  0 0 1 0 0
82  25  173  156  21 0 0 1 0 0
152  25  220  114  21 0 0 1 0 0
68  67  207  107  22 0 0 1 0 0
102  113  265  117  21 0 0 1 0 0
244  141  452  447  69 0 0 1 0 0
183  151  376  293  65 0 0 1 0 0
262  252  474  538  84 0 0 1 0 0
296  203  465  314  49 0 0 1 0 0
210  133  238  260  46 0 0 1 0 0
209  207  461  311  38 0 0 1 0 0
320  217  199  973  53 0 0 1 0 0
271  29  974  108  22 0 0 1 0 0
324  178  442  973  37 0 0 1 0 0
728  49  975  229  85 0 0 1 0 0
208  36  477  107  124 0 0 1 0 0
124  34  307  100  108 0 0 1 0 0
128  106  223  118  39 0 0 1 0 0
182  130  262  206  24 0 0 1 0 0
258  138  333  234  29 0 0 1 0 0
76  89  296  100  22 0 0 1 0 0
105  79  303  100  21 0 0 1 0 0
221  91  174  105  21 0 0 1 0 0
227  129  368  205  73 0 0 1 0 0
482  117  682  100  203 0 0 1 0 0
817  89  975  159  149 0 0 1 0 0
181  108  511  178  25 0 0 1 0 0
219  201  717  289  31 0 0 1 0 0
167  133  318  291  33 0 0 1 0 0
236  121  307  220  29 0 0 1 0 0
201  135  543  291  36 0 0 1 0 0
294  109  379  207  29 0 0 1 0 0
144  26  811  114  21 0 0 1 0 0
200  47  749  136  32 0 0 1 0 0
277  116  459  173  26 0 0 1 0 0
186  95  816  148  25 0 0 1 0 0
114  126  975  106  23 0 0 1 0 0
307  52  496  104  21 0 0 1 0 0
208  177  420  275  33 0 0 1 0 0
139  151  244  101  20 0 0 1 0 0
231  44  573  310  30 0 0 1 0 0
172  25  306  111  21 0 0 1 0 0
208  24  480  268  26 0 0 1 0 0
267  24  508  282  37 0 0 1 0 0
283  23  755  382  42 0 0 1 0 0
223  24  439  303  41 0 0 1 0 0
393  24  598  331  44 0 0 1 0 0
400  23  448  270  34 0 0 1 0 0
315  24  556  315  40 0 0 1 0 0
180  23  212  281  26 0 0 1 0 0
238  24  562  311  36 0 0 1 0 0
163  24  225  102  22 0 0 1 0 0
129  24  691  108  28 0 0 1 0 0
174  24  362  105  22 0 0 1 0 0
213  24  343  252  44 0 0 1 0 0
93  24  202  110  21 0 0 1 0 0
255  23  522  450  54 0 0 1 0 0
387  24  576  332  55 0 0 1 0 0
505  24  541  374  54 0 0 1 0 0
367  24  259  198  27 0 0 1 0 0
259  23  419  269  41 0 0 1 0 0
309  24  252  244  83 0 0 1 0 0
189  24  299  234  34 0 0 1 0 0
256  24  254  101  21 0 0 1 0 0
305  24  493  394  47 0 0 1 0 0
241  24  412  298  32 0 0 1 0 0
209  24  336  258  52 0 0 1 0 0
166  23  344  279  70 0 0 1 0 0
306  24  413  324  43 0 0 1 0 0
247  24  423  329  35 0 0 1 0 0
203  23  306  283  67 0 0 1 0 0
135  24  484  109  21 0 0 1 0 0
289  24  259  170  28 0 0 1 0 0
393  23  471  284  57 0 0 1 0 0
241  24  338  288  49 0 0 1 0 0
231  23  419  301  47 0 0 1 0 0
304  23  345  298  61 0 0 1 0 0
215  23  301  259  43 0 0 1 0 0
285  24  391  255  51 0 0 1 0 0
892  25  346  197  143 0 0 1 0 0
365  24  916  117  95 0 0 1 0 0
218  24  185  105  111 0 0 1 0 0
522  25  497  318  135 0 0 1 0 0
389  25  974  105  154 0 0 1 0 0
391  24  975  444  249 0 0 1 0 0
496  24  366  100  101 0 0 1 0 0
466  24  607  97  121 0 0 1 0 0
974  973  974  971  972 0 0 1 0 0
95  24  190  151  77 0 0 1 0 0
247  24  975  418  288 0 0 1 0 0
242  24  810  103  191 0 0 1 0 0
