110  93  31  20  555 0 0 0 0 1
101  103  29  129  499 0 0 0 0 1
90  104  30  146  469 0 0 0 0 1
140  153  64  175  903 0 0 0 0 1
134  210  62  178  976 0 0 0 0 1
99  141  45  177  776 0 0 0 0 1
143  281  97  198  975 0 0 0 0 1
163  143  76  177  717 0 0 0 0 1
167  150  51  183  976 0 0 0 0 1
147  159  70  113  944 0 0 0 0 1
162  161  55  167  915 0 0 0 0 1
107  94  50  159  485 0 0 0 0 1
94  116  46  155  368 0 0 0 0 1
120  96  86  171  502 0 0 0 0 1
65  50  24  25  220 0 0 0 0 1
93  73  36  124  199 0 0 0 0 1
89  107  58  26  254 0 0 0 0 1
91  78  31  3  411 0 0 0 0 1
83  69  25  3  523 0 0 0 0 1
104  96  35  5  569 0 0 0 0 1
298  206  244  91  849 0 0 0 0 1
164  285  273  4  795 0 0 0 0 1
125  175  43  3  586 0 0 0 0 1
132  157  45  4  956 0 0 0 0 1
117  106  37  4  706 0 0 0 0 1
110  113  43  36  976 0 0 0 0 1
109  116  52  4  678 0 0 0 0 1
115  139  49  4  976 0 0 0 0 1
137  117  49  3  597 0 0 0 0 1
110  104  48  3  474 0 0 0 0 1
105  131  46  3  846 0 0 0 0 1
103  121  42  4  829 0 0 0 0 1
147  202  103  3  710 0 0 0 0 1
82  105  31  3  480 0 0 0 0 1
210  246  102  4  761 0 0 0 0 1
132  98  94  3  584 0 0 0 0 1
128  124  48  3  759 0 0 0 0 1
90  100  34  3  498 0 0 0 0 1
105  94  41  4  752 0 0 0 0 1
102  74  26  3  634 0 0 0 0 1
94  76  38  4  528 0 0 0 0 1
133  115  44  3  754 0 0 0 0 1
105  108  41  3  931 0 0 0 0 1
218  121  55  3  494 0 0 0 0 1
99  84  35  3  711 0 0 0 0 1
191  100  65  3  394 0 0 0 0 1
110  52  38  3  371 0 0 0 0 1
93  48  22  3  458 0 0 0 0 1
221  137  70  3  687 0 0 0 0 1
159  95  41  974  581 0 0 0 0 1
123  148  51  4  773 0 0 0 0 1
144  196  63  4  790 0 0 0 0 1
97  112  63  3  505 0 0 0 0 1
111  144  61  4  953 0 0 0 0 1
121  103  71  4  588 0 0 0 0 1
103  88  26  3  746 0 0 0 0 1
146  250  87  3  490 0 0 0 0 1
503  126  194  974  974 0 0 0 0 1
215  156  36  553  572 0 0 0 0 1
183  77  55  974  688 0 0 0 0 1
148  113  82  3  337 0 0 0 0 1
125  69  40  19  470 0 0 0 0 1
204  70  100  4  548 0 0 0 0 1
181  201  78  3  392 0 0 0 0 1
277  247  161  974  973 0 0 0 0 1
159  282  68  3  808 0 0 0 0 1
109  83  117  3  722 0 0 0 0 1
468  162  232  974  661 0 0 0 0 1
82  49  23  975  368 0 0 0 0 1
104  49  186  975  230 0 0 0 0 1
486  143  148  4  826 0 0 0 0 1
199  134  128  4  497 0 0 0 0 1
248  328  98  3  437 0 0 0 0 1
185  129  120  974  546 0 0 0 0 1
320  241  106  3  550 0 0 0 0 1
101  111  55  975  470 0 0 0 0 1
378  255  174  3  478 0 0 0 0 1
90  69  25  3  498 0 0 0 0 1
111  281  473  975  169 0 0 0 0 1
163  67  26  975  435 0 0 0 0 1
182  306  220  4  198 0 0 0 0 1
121  154  22  3  480 0 0 0 0 1
306  233  190  974  912 0 0 0 0 1
402  285  219  4  600 0 0 0 0 1
124  68  39  3  563 0 0 0 0 1
89  95  24  3  860 0 0 0 0 1
110  92  63  3  651 0 0 0 0 1
571  340  288  973  334 0 0 0 0 1
110  63  22  115  316 0 0 0 0 1
503  75  24  3  159 0 0 0 0 1
153  236  60  331  829 0 0 0 0 1
557  254  302  974  560 0 0 0 0 1
158  128  99  974  950 0 0 0 0 1
502  300  252  184  800 0 0 0 0 1
339  254  113  3  311 0 0 0 0 1
271  300  266  974  663 0 0 0 0 1
102  196  116  3  857 0 0 0 0 1
301  213  164  4  725 0 0 0 0 1
138  786  220  4  589 0 0 0 0 1
508  438  421  4  220 0 0 0 0 1
103  325  47  3  597 0 0 0 0 1
73  138  152  3  158 0 0 0 0 1
124  109  46  3  309  0 0 0 0 1
125  142  30  3  418 0 0 0 0 1
280  242  91  3  288 0 0 0 0 1
198  91  33  3  555 0 0 0 0 1
158  135  66  3  514 0 0 0 0 1
382  257  174  4  717 0 0 0 0 1
149  116  52  3  976 0 0 0 0 1
357  170  75  3  628 0 0 0 0 1
158  82  82  3  523 0 0 0 0 1
376  254  191  6  601 0 0 0 0 1
293  94  253  975  338 0 0 0 0 1
91  160  33  737  214 0 0 0 0 1
112  93  39  539  799 0 0 0 0 1
137  76  34  567  729 0 0 0 0 1
