 72  196  94  320  880  0  0  0  0  1
 73  192  135  338  823  0  0  0  0  1
 70  137  100  305  593  0  0  0  0  1
 69  180  116  292  652  0  0  0  0  1
 74  124  76  273  731  0  0  0  0  1
 69  106  45  204  496  0  0  0  0  1
 68  87  31  162  389  0  0  0  0  1
 69  80  42  174  409  0  0  0  0  1
 65  119  50  222  665  0  0  0  0  1
 71  94  47  215  504  0  0  0  0  1
 74  129  74  251  645  0  0  0  0  1
 67  117  50  223  649  0  0  0  0  1
 67  147  84  256  620  0  0  0  0  1
 64  107  55  208  560  0  0  0  0  1
 64  93  33  190  515  0  0  0  0  1
 69  123  67  273  741  0  0  0  0  1
 61  144  64  257  718  0  0  0  0  1
 63  68  30  176  336  0  0  0  0  1
 61  167  52  230  726  0  0  0  0  1
 61  156  66  274  803  0  0  0  0  1
 65  96  29  179  445  0  0  0  0  1
 65  76  31  172  380  0  0  0  0  1
 66  90  50  191  496  0  0  0  0  1
 68  114  47  194  559  0  0  0  0  1
 63  160  56  246  857  0  0  0  0  1
 64  90  27  190  421  0  0  0  0  1
 63  124  34  201  483  0  0  0  0  1
 63  157  39  195  429  0  0  0  0  1
 63  159  76  224  500  0  0  0  0  1
 70  82  39  171  461  0  0  0  0  1
 68  163  54  167  344  0  0  0  0  1
 66  129  42  206  492  0  0  0  0  1
 62  189  95  294  665  0  0  0  0  1
 57  77  23  142  170  0  0  0  0  1
 65  221  108  331  746  0  0  0  0  1
 70  165  58  253  528  0  0  0  0  1
 65  103  42  226  529  0  0  0  0  1
 75  92  50  179  396  0  0  0  0  1
 66  164  75  297  692  0  0  0  0  1
 66  56  26  147  347  0  0  0  0  1
 69  146  41  202  512  0  0  0  0  1
 63  147  105  252  402  0  0  0  0  1
 68  107  71  191  367  0  0  0  0  1
 67  88  50  174  381  0  0  0  0  1
 63  113  50  302  711  0  0  0  0  1
 67  174  50  247  652  0  0  0  0  1
 68  100  37  200  475  0  0  0  0  1
 67  101  38  192  513  0  0  0  0  1
 68  167  86  239  420  0  0  0  0  1
 67  188  82  247  410  0  0  0  0  1
 71  90  58  161  345  0  0  0  0  1
 71  148  87  219  387  0  0  0  0  1
 67  180  110  260  419  0  0  0  0  1
 64  138  61  197  323  0  0  0  0  1
 75  217  164  365  393  0  0  0  0  1
 66  153  74  256  435  0  0  0  0  1
 69  106  62  208  460  0  0  0  0  1
 71  112  106  217  367  0  0  0  0  1
 69  151  95  186  377  0  0  0  0  1
 70  147  90  261  574  0  0  0  0  1
 66  195  92  320  435  0  0  0  0  1
 68  133  75  211  327  0  0  0  0  1
 78  159  139  246  300  0  0  0  0  1
 60  151  69  225  287  0  0  0  0  1
 61  228  228  403  375  0  0  0  0  1
 68  186  108  312  382  0  0  0  0  1
 68  256  132  379  355  0  0  0  0  1
 68  251  131  288  327  0  0  0  0  1
 88  64  85  157  247  0  0  0  0  1
 68  156  109  267  291  0  0  0  0  1
 70  125  85  183  304  0  0  0  0  1
 75  177  125  262  341  0  0  0  0  1
 66  133  67  175  316  0  0  0  0  1
 79  211  169  388  513  0  0  0  0  1
 66  217  97  291  550  0  0  0  0  1
 53  281  172  346  349  0  0  0  0  1
 58  238  122  388  407  0  0  0  0  1
 66  323  234  454  715  0  0  0  0  1
 53  186  227  398  280  0  0  0  0  1
 76  254  199  410  500  0  0  0  0  1
 73  251  850  314  348  0  0  0  0  1
 64  99  93  171  240  0  0  0  0  1
 66  308  112  454  599  0  0  0  0  1
 65  243  129  355  364  0  0  0  0  1
 64  245  104  220  327  0  0  0  0  1
 65  147  82  239  290  0  0  0  0  1
 66  135  79  211  288  0  0  0  0  1
 61  271  164  444  442  0  0  0  0  1
 64  255  155  414  405  0  0  0  0  1
 65  240  121  332  401  0  0  0  0  1
 66  174  95  270  398  0  0  0  0  1
 60  212  67  248  274  0  0  0  0  1
 61  172  77  284  348  0  0  0  0  1
 59  321  91  367  588  0  0  0  0  1
 66  241  125  345  409  0  0  0  0  1
 68  158  106  251  356  0  0  0  0  1
 61  211  91  246  446  0  0  0  0  1
 61  85  23  160  219  0  0  0  0  1
 69  185  87  266  462  0  0  0  0  1
 69  80  58  184  357  0  0  0  0  1
 66  261  83  288  529  0  0  0  0  1
 65  232  76  316  733  0  0  0  0  1
 60  383  160  400  693  0  0  0  0  1
 62  223  79  295  397  0  0  0  0  1
 69  280  201  492  467  0  0  0  0  1
 63  310  95  356  554  0  0  0  0  1
 59  128  31  160  194  0  0  0  0  1
 72  290  147  338  579  0  0  0  0  1
 68  170  65  249  520  0  0  0  0  1
 65  146  108  312  448  0  0  0  0  1
 71  76  45  190  320  0  0  0  0  1
 69  215  108  329  430  0  0  0  0  1
 58  192  48  170  246  0  0  0  0  1
 62  147  33  177  218  0  0  0  0  1
 62  286  201  51  610  0  0  0  0  1
 60  228  75  50  365  0  0  0  0  1
 62  240  160  50  311  0  0  0  0  1
 66  108  80  50  240  0  0  0  0  1
 66  275  133  50  359  0  0  0  0  1
 59  248  89  50  401  0  0  0  0  1
 62  207  66  50  438  0  0  0  0  1
 59  274  149  50  354  0  0  0  0  1
 62  188  73  50  271  0  0  0  0  1
 65  364  171  50  562  0  0  0  0  1
 68  239  102  50  564  0  0  0  0  1
 69  308  147  50  534  0  0  0  0  1
 64  211  83  50  498  0  0  0  0  1
 74  247  160  50  758  0  0  0  0  1
 65  235  83  50  473  0  0  0  0  1
 57  157  62  50  530  0  0  0  0  1
 66  258  130  50  551  0  0  0  0  1
 58  137  36  49  328  0  0  0  0  1
 60  288  94  50  459  0  0  0  0  1
 61  228  62  49  322  0  0  0  0  1
 63  244  76  49  541  0  0  0  0  1
 58  96  29  50  148  0  0  0  0  1
 61  341  173  50  453  0  0  0  0  1
 65  223  80  50  321  0  0  0  0  1
 62  204  91  50  349  0  0  0  0  1
 68  167  74  50  304  0  0  0  0  1
 60  279  87  50  489  0  0  0  0  1
 60  213  96  49  431  0  0  0  0  1
 976  974  489  48  261  0  0  0  0  1
 63  268  125  49  494  0  0  0  0  1
 62  259  145  49  450  0  0  0  0  1
 62  286  136  49  587  0  0  0  0  1
 74  276  120  49  564  0  0  0  0  1
 57  251  89  49  489  0  0  0  0  1
 63  249  104  49  607  0  0  0  0  1
 64  127  64  49  335  0  0  0  0  1
 66  154  96  49  321  0  0  0  0  1
 61  213  78  49  374  0  0  0  0  1
 63  325  92  49  777  0  0  0  0  1
 60  363  217  49  629  0  0  0  0  1
