171  253  203  574  100  0 0 0 1 0
170  242  254  402  65  0 0 0 1 0
192  294  313  534  113  0 0 0 1 0
187  187  235  423  74  0 0 0 1 0
276  280  147  275  139  0 0 0 1 0
200  464  974  437  213  0 0 0 1 0
112  622  974  526  50  0 0 0 1 0
299  972  826  432  461  0 0 0 1 0
975  825  693  441  846  0 0 0 1 0
796  972  294  876  111  0 0 0 1 0
187  948  668  588  144  0 0 0 1 0
439  972  545  380  183  0 0 0 1 0
974  539  675  427  123  0 0 0 1 0
591  118  693  845  101  0 0 0 1 0
376  470  394  972  48  0 0 0 1 0
483  304  606  304  118  0 0 0 1 0
233  973  26  546  27  0 0 0 1 0
178  973  310  453  59  0 0 0 1 0
147  520  91  585  35  0 0 0 1 0
572  650  595  341  71  0 0 0 1 0
462  589  50  442  94  0 0 0 1 0
205  972  534  820  167  0 0 0 1 0
974  972  475  354  115  0 0 0 1 0
499  634  430  659  72  0 0 0 1 0
402  167  161  422  23  0 0 0 1 0
392  836  382  291  134  0 0 0 1 0
692  137  93  325  40  0 0 0 1 0
619  275  385  282  110  0 0 0 1 0
499  53  512  324  47  0 0 0 1 0
225  283  36  432  82  0 0 0 1 0
368  278  503  320  73  0 0 0 1 0
639  119  45  639  31  0 0 0 1 0
128  375  37  592  80  0 0 0 1 0
469  323  74  402  126  0 0 0 1 0
351  271  186  459  60  0 0 0 1 0
76  58  22  539  29  0 0 0 1 0
213  316  232  485  186  0 0 0 1 0
107  154  216  312  150  0 0 0 1 0
170  370  534  344  141  0 0 0 1 0
182  197  359  272  74  0 0 0 1 0
170  369  558  338  97  0 0 0 1 0
256  354  666  379  111  0 0 0 1 0
727  494  766  447  406  0 0 0 1 0
307  318  512  345  143  0 0 0 1 0
199  245  439  301  109  0 0 0 1 0
108  235  286  409  91  0 0 0 1 0
355  438  162  754  138  0 0 0 1 0
707  127  52  973  551  0 0 0 1 0
221  219  386  410  99  0 0 0 1 0
238  334  558  353  94  0 0 0 1 0
691  387  609  658  459  0 0 0 1 0
155  663  526  973  39  0 0 0 1 0
218  180  462  584  147  0 0 0 1 0
964  170  258  472  152  0 0 0 1 0
202  237  71  972  61  0 0 0 1 0
164  231  461  642  103  0 0 0 1 0
154  277  526  498  139  0 0 0 1 0
116  43  29  233  23  0 0 0 1 0
253  210  481  484  84  0 0 0 1 0
80  209  287  565  21  0 0 0 1 0
237  250  426  459  69  0 0 0 1 0
576  321  570  498  65  0 0 0 1 0
519  311  526  408  87  0 0 0 1 0
635  220  174  286  38  0 0 0 1 0
974  955  197  499  70  0 0 0 1 0
882  303  228  972  98  0 0 0 1 0
932  79  172  246  57  0 0 0 1 0
314  202  403  580  122  0 0 0 1 0
974  219  403  972  445  0 0 0 1 0
975  287  477  490  77  0 0 0 1 0
258  530  486  258  27  0 0 0 1 0
975  578  420  716  25  0 0 0 1 0
525  186  206  372  28  0 0 0 1 0
973  66  26  270  22  0 0 0 1 0
754  564  623  611  129  0 0 0 1 0
223  66  32  972  65  0 0 0 1 0
326  139  172  343  24  0 0 0 1 0
977  175  286  423  78  0 0 0 1 0
975  172  221  973  22  0 0 0 1 0
975  604  125  957  23  0 0 0 1 0
954  197  410  433  78  0 0 0 1 0
975  311  573  633  140  0 0 0 1 0
583  613  759  389  170  0 0 0 1 0
227  155  148  497  570  0 0 0 1 0
135  251  528  667  186  0 0 0 1 0
763  160  32  973  528  0 0 0 1 0
974  33  176  272  79  0 0 0 1 0
237  291  503  577  401  0 0 0 1 0
975  25  34  520  116  0 0 0 1 0
858  265  36  973  267  0 0 0 1 0
529  361  396  574  170  0 0 0 1 0
876  102  68  379  22  0 0 0 1 0
976  120  27  365  70  0 0 0 1 0
502  420  46  973  191  0 0 0 1 0
975  348  112  434  126  0 0 0 1 0
848  130  96  972  22  0 0 0 1 0
292  43  25  277  21  0 0 0 1 0
975  302  431  510  84  0 0 0 1 0
603  293  482  572  180  0 0 0 1 0
607  317  645  710  162  0 0 0 1 0
722  25  28  231  21  0 0 0 1 0
567  25  28  349  21  0 0 0 1 0
167  210  329  394  97  0 0 0 1 0
973  176  35  749  22  0 0 0 1 0
