63  156  262  528  78  0  0  0  1  0
60  140  250  590  68  0  0  0  1  0
61  219  274  741  86  0  0  0  1  0
63  157  247  667  98  0  0  0  1  0
59  135  223  403  76  0  0  0  1  0
58  112  174  333  29  0  0  0  1  0
61  194  250  566  82  0  0  0  1  0
58  154  208  551  67  0  0  0  1  0
60  217  250  499  61  0  0  0  1  0
64  263  420  792  112  0  0  0  1  0
59  123  187  533  48  0  0  0  1  0
62  246  292  619  63  0  0  0  1  0
59  190  238  594  57  0  0  0  1  0
60  175  269  654  59  0  0  0  1  0
62  170  231  567  89  0  0  0  1  0
64  183  241  591  77  0  0  0  1  0
63  160  277  609  71  0  0  0  1  0
61  249  353  580  58  0  0  0  1  0
62  259  271  524  74  0  0  0  1  0
63  226  275  511  105  0  0  0  1  0
63  206  281  717  96  0  0  0  1  0
62  151  228  541  66  0  0  0  1  0
63  132  162  538  67  0  0  0  1  0
66  240  311  595  73  0  0  0  1  0
61  190  245  552  73  0  0  0  1  0
59  240  278  520  55  0  0  0  1  0
62  218  274  676  84  0  0  0  1  0
62  232  283  531  91  0  0  0  1  0
61  196  276  512  63  0  0  0  1  0
64  187  277  584  76  0  0  0  1  0
63  188  210  474  106  0  0  0  1  0
63  152  165  472  52  0  0  0  1  0
63  161  227  544  83  0  0  0  1  0
65  154  182  544  84  0  0  0  1  0
64  186  210  551  64  0  0  0  1  0
65  145  197  444  48  0  0  0  1  0
64  180  219  507  71  0  0  0  1  0
63  156  218  601  70  0  0  0  1  0
63  226  302  632  80  0  0  0  1  0
65  234  288  642  86  0  0  0  1  0
64  196  237  760  77  0  0  0  1  0
61  225  171  635  67  0  0  0  1  0
64  170  219  494  61  0  0  0  1  0
69  185  194  525  80  0  0  0  1  0
61  167  186  537  78  0  0  0  1  0
63  210  200  428  82  0  0  0  1  0
63  231  275  702  97  0  0  0  1  0
62  192  247  647  93  0  0  0  1  0
65  224  271  717  76  0  0  0  1  0
65  230  355  688  93  0  0  0  1  0
61  175  238  553  76  0  0  0  1  0
63  191  245  726  76  0  0  0  1  0
60  170  257  602  56  0  0  0  1  0
61  274  378  813  107  0  0  0  1  0
61  208  255  544  63  0  0  0  1  0
65  152  220  506  92  0  0  0  1  0
66  149  141  356  82  0  0  0  1  0
63  139  127  460  98  0  0  0  1  0
59  165  197  479  75  0  0  0  1  0
63  213  211  567  87  0  0  0  1  0
62  143  160  390  78  0  0  0  1  0
61  145  200  510  94  0  0  0  1  0
58  234  297  715  97  0  0  0  1  0
61  118  167  488  72  0  0  0  1  0
60  202  193  535  93  0  0  0  1  0
59  191  191  518  97  0  0  0  1  0
64  126  216  565  72  0  0  0  1  0
65  237  240  647  110  0  0  0  1  0
58  138  118  388  71  0  0  0  1  0
60  156  163  350  89  0  0  0  1  0
61  155  146  473  73  0  0  0  1  0
63  203  200  600  94  0  0  0  1  0
59  265  335  704  68  0  0  0  1  0
65  198  245  590  118  0  0  0  1  0
63  158  193  474  133  0  0  0  1  0
63  130  131  372  79  0  0  0  1  0
62  263  399  718  113  0  0  0  1  0
62  249  313  569  68  0  0  0  1  0
64  205  237  658  101  0  0  0  1  0
61  180  203  584  71  0  0  0  1  0
63  176  215  597  76  0  0  0  1  0
61  224  311  727  86  0  0  0  1  0
65  232  287  824  87  0  0  0  1  0
61  198  204  631  69  0  0  0  1  0
61  264  247  913  130  0  0  0  1  0
62  211  270  645  100  0  0  0  1  0
60  199  310  591  76  0  0  0  1  0
63  195  246  421  58  0  0  0  1  0
62  299  345  655  81  0  0  0  1  0
59  149  160  449  95  0  0  0  1  0
64  105  118  389  73  0  0  0  1  0
62  227  295  516  58  0  0  0  1  0
57  288  409  725  119  0  0  0  1  0
64  192  261  560  100  0  0  0  1  0
58  157  143  456  46  0  0  0  1  0
62  244  324  758  75  0  0  0  1  0
64  163  144  407  77  0  0  0  1  0
59  168  158  350  74  0  0  0  1  0
63  192  212  551  63  0  0  0  1  0
58  236  304  659  90  0  0  0  1  0
57  214  218  601  93  0  0  0  1  0
58  207  183  495  59  0  0  0  1  0
59  172  117  453  32  0  0  0  1  0
59  182  160  330  28  0  0  0  1  0
63  235  256  515  38  0  0  0  1  0
62  192  261  635  79  0  0  0  1  0
62  226  196  562  91  0  0  0  1  0
64  169  197  537  60  0  0  0  1  0
63  213  244  556  57  0  0  0  1  0
57  252  190  383  69  0  0  0  1  0
57  200  226  359  48  0  0  0  1  0
59  239  372  708  90  0  0  0  1  0
60  320  376  653  92  0  0  0  1  0
59  253  262  698  102  0  0  0  1  0
54  266  189  475  84  0  0  0  1  0
60  244  290  435  49  0  0  0  1  0
52  316  262  564  73  0  0  0  1  0
57  268  243  571  74  0  0  0  1  0
62  199  220  364  45  0  0  0  1  0
65  227  245  527  99  0  0  0  1  0
64  216  337  626  71  0  0  0  1  0
62  335  344  768  85  0  0  0  1  0
64  138  138  449  59  0  0  0  1  0
65  155  177  526  94  0  0  0  1  0
63  153  143  364  69  0  0  0  1  0
63  195  190  561  109  0  0  0  1  0
62  268  309  718  109  0  0  0  1  0
61  355  468  866  127  0  0  0  1  0
59  291  297  423  45  0  0  0  1  0
58  237  262  408  58  0  0  0  1  0
58  289  311  627  62  0  0  0  1  0
62  281  306  632  63  0  0  0  1  0
62  299  412  789  58  0  0  0  1  0
58  262  258  312  34  0  0  0  1  0
55  150  169  416  42  0  0  0  1  0
60  221  229  495  87  0  0  0  1  0
61  211  226  511  61  0  0  0  1  0
61  218  351  773  87  0  0  0  1  0
62  265  362  648  111  0  0  0  1  0
63  274  278  653  83  0  0  0  1  0
61  274  260  594  84  0  0  0  1  0
64  178  165  462  70  0  0  0  1  0
63  173  195  433  51  0  0  0  1  0
61  337  346  568  81  0  0  0  1  0
62  215  247  637  81  0  0  0  1  0
60  227  183  555  74  0  0  0  1  0
60  184  219  517  57  0  0  0  1  0
65  285  294  768  85  0  0  0  1  0
64  239  215  621  106  0  0  0  1  0
57  232  207  485  67  0  0  0  1  0
57  241  343  614  79  0  0  0  1  0
67  191  237  690  122  0  0  0  1  0
66  184  199  650  97  0  0  0  1  0
58  259  248  714  106  0  0  0  1  0
61  384  324  704  169  0  0  0  1  0
61  267  301  774  100  0  0  0  1  0
