#var1 var2 var3 var4 var5
229  23  42  155  117  1 0 0 0 0
301  24  78  166  106  1 0 0 0 0
382  24  62  337  144  1 0 0 0 0
248  24  91  289  125  1 0 0 0 0
217  24  75  296  140  1 0 0 0 0
265  24  66  319  76   1 0 0 0 0
283  24  81  344  165  1 0 0 0 0
225  24  84  390  124  1 0 0 0 0
224  24  102  188  143 1 0 0 0 0
237  24  77  169  132  1 0 0 0 0
248  24  20  156  69   1 0 0 0 0
266  24  83  975  109  1 0 0 0 0
213  24  52  974  79   1 0 0 0 0
163  24  40  292  87   1 0 0 0 0
261  24  74  592  166  1 0 0 0 0
269  22  89  5  136    1 0 0 0 0
171  24  57  973  83   1 0 0 0 0
201  24  51  284  142  1 0 0 0 0
275  24  20  974  260  1 0 0 0 0
277  697  20  88  123  1 0 0 0 0
190  482  49  679  102 1 0 0 0 0
330  461  54  284  129 1 0 0 0 0
370  431  98  346  135 1 0 0 0 0
285  464  67  264  136 1 0 0 0 0
307  173  120  111  232  1 0 0 0 0
294  328  81  152  130 1 0 0 0 0
208  80  24  324  84   1 0 0 0 0
191  83  42  190  72   1 0 0 0 0
248  59  32  135  27   1 0 0 0 0
188  50  20  91  21    1 0 0 0 0
270  123  85  297  93  1 0 0 0 0
162  52  30  119  39   1 0 0 0 0
276  134  95  134  106 1 0 0 0 0
203  82  58  151  80   1 0 0 0 0
180  127  56  160  98  1 0 0 0 0
187  70  36  70  80    1 0 0 0 0
239  144  73  205  101  1 0 0 0 0
190  44  26  123  32   1 0 0 0 0
204  23  41  170  108  1 0 0 0 0
248  24  70  251  127  1 0 0 0 0
228  24  72  140  90 1 0 0 0 0
275  23  68  205  137  1 0 0 0 0
302  24  69  232  128  1 0 0 0 0
217  24  38  123  94 1 0 0 0 0
271  23  63  240  137  1 0 0 0 0
228  24  45  241  81 1 0 0 0 0
250  24  73  173  92 1 0 0 0 0
221  24  42  160  120  1 0 0 0 0
489  23  258  95  214  1 0 0 0 0
252  171  35  4  45  1 0 0 0 0
171  34  30  974  58 1 0 0 0 0
211  22  41  23  29  1 0 0 0 0
179  58  27  974  49 1 0 0 0 0
225  23  40  271  120  1 0 0 0 0
254  44  50  242  119  1 0 0 0 0
253  45  74  358  153  1 0 0 0 0
337  24  76  281  170  1 0 0 0 0
242  23  74  315  141  1 0 0 0 0
219  23  36  151  122  1 0 0 0 0
264  23  51  340  135  1 0 0 0 0
247  23  49  258  132  1 0 0 0 0
197  24  42  318  83 1 0 0 0 0
214  24  32  229  58 1 0 0 0 0
232  24  50  253  163  1 0 0 0 0
254  24  68  271  157  1 0 0 0 0
192  23  39  149  55 1 0 0 0 0
176  24  47  193  40 1 0 0 0 0
265  23  63  249  124  1 0 0 0 0
275  23  76  241  140  1 0 0 0 0
186  23  30  185  83 1 0 0 0 0
239  24  52  974  165  1 0 0 0 0
212  24  50  974  107  1 0 0 0 0
251  23  88  546  117  1 0 0 0 0
173  23  37  231  101  1 0 0 0 0
249  24  64  261  92 1 0 0 0 0
247  23  76  209  182  1 0 0 0 0
217  24  45  244  91 1 0 0 0 0
222  24  50  272  109  1 0 0 0 0
197  23  20  98  115 1 0 0 0 0
376  24  84  239  131  1 0 0 0 0
319  24  97  328  171  1 0 0 0 0
328  24  65  224  142  1 0 0 0 0
255  24  53  212  154  1 0 0 0 0
255  24  164  262  103  1 0 0 0 0
335  24  140  98  144  1 0 0 0 0
278  22  92  146  89  1 0 0 0 0
215  24  57  974  163  1 0 0 0 0
296  24  21  94  40  1 0 0 0 0
360  24  489  108  266  1 0 0 0 0
462  144  230  115  28  1 0 0 0 0
303  60  127  128  28  1 0 0 0 0
252  31  333  128  26  1 0 0 0 0
420  375  791  101  256  1 0 0 0 0
683  364  205  125  70  1 0 0 0 0
977  920  721  113  23  1 0 0 0 0
220  264  631  201  58  1 0 0 0 0
249  58  252  121  23  1 0 0 0 0
187  116  194  208  86  1 0 0 0 0
369  203  58  256  71  1 0 0 0 0
407  202  48  286  83  1 0 0 0 0
270  233  176  117  57  1 0 0 0 0
238  208  312  109  38  1 0 0 0 0
258  96  75  273  91  1 0 0 0 0
186  160  71  108  56    1 0 0 0 0
232  533  390  763  104  1 0 0 0 0
678  87  205  975  69  1 0 0 0 0
268  47  153  974  28  1 0 0 0 0
293  104  21  655  304  1 0 0 0 0
